error(train): 0.208333
error(test): 0.240000
